 1 B 1 1 1 1 1
1 1 1 1 1 R 1 1 

 1 B 1 1
1 1 1 1
 1 1 R

 B 2 1 1
2 0 R 1 1
 1 1 0 1 
0 1 1 1

 1 1 1 1 1
1 B 1 0 1
 1 1 1 1 1
1 1 R 1 

 1 B 1 1 1
0 1 1 0 1
 1 1 1 1 1
1 1 R 1 

 1 B 1 1 1
0 1 1 0 1
 1 0 1 1 1
1 1 R 1 

 0 0 B 2 0
0 1 1 1 2
 1 0 1 1 0
1 2 0 R 

 0 0 1 1 1
0 1 1 R 1
 1 0 B 2 0
3 2 0 3 0 

 1 1 1 1 1
1 1 1 R 1
 1 1 B 2 1
3 2 1 3 1 

 1 1 1 1 1
1 1 1 R 1
 1 1 B 1 1
2 1 1 2 2 

 1 1 R
0 0 1 1
 0 1 1
0 2 B 1

 1 B 1 1
2 1 1 1
 2 0 1 1
R 1 1 1
 1 1 1 2

 1 B 1
1 1 1 1
 1 0 1 1
R 1 1 1
 1 1 1 1

 R 0 1 1
1 1 1 1
 1 1 1 B
1 1 1 1 

 R 1 1 1
1 1 1 1
 1 1 1 B
1 1 1 1 

 1 R 1 1
1 1 1 1
 1 B 1 2
1 1 1 1 

 1 R 1 
1 1 1 
 1 B 1
1 1 2  

 R 1 1 
1 1 1 
 1 B 1
1 1 2  
